0 -177.6
2 -82
2.02 -83.2
2.04 -82.8
2.06 -82.3
2.08 -81.8
2.1 -81.5
2.12 -81
2.14 -80.7
2.16 -80.2
2.18 -79.7
2.2 -79.3
2.22 -79
2.24 -78.5
2.26 -78.1
2.28 -77.8
2.3 -77.5
2.32 -76.9
2.34 -76.6
2.36 -76.1
2.38 -75.7
2.4 -75.5
2.42 -74.9
2.44 -74.7
2.46 -74.3
2.48 -73.8
2.5 -73.5
2.52 -72.9
2.54 -72.5
2.56 -72.2
2.58 -71.8
2.6 -71.2
2.62 -70.9
2.64 -70.6
2.66 -70.2
2.68 -69.8
2.7 -69.3
2.72 -69
2.74 -68.5
2.76 -68.3
2.78 -67.6
2.8 -67.4
2.82 -66.9
2.84 -66.5
2.86 -66
2.88 -65.6
2.9 -65.3
2.92 -65
2.94 -64.3
2.96 -63.9
2.98 -63.6
3 -63.3
3.02 -62.4
3.04 -63.1
3.06 -61.9
3.08 -61.3
3.1 -61.1
3.12 -60.5
3.14 -60.4
3.16 -59.9
3.18 -59.2
3.2 -58.8
3.22 -58.4
3.24 -57.9
3.26 -57.7
3.28 -57.1
3.3 -56.7
3.32 -56.2
3.34 -55.8
3.36 -55.2
3.38 -54.9
3.4 -54.4
3.42 -54
3.44 -53.5
3.46 -53
3.48 -52.4
3.5 -51.8
3.52 -51.6
3.54 -51.2
3.56 -50.5
3.58 -50
3.6 -49.6
3.62 -49.2
3.64 -48.6
3.66 -48
3.68 -47.5
3.7 -47
3.72 -46.6
3.74 -45.9
3.76 -45.3
3.78 -44.7
3.8 -44.3
3.82 -43.7
3.84 -43.1
3.86 -42.6
3.88 -42
3.9 -41.4
3.92 -40.8
3.94 -40.2
3.96 -39.6
3.98 -38.9
4 -38.3
