nan
nan
nan
nan
nan
nan
nan
nan
nan
0.578
1.407
1.452
9.840
1.561
1.756
0.752
0.780
0.808
0.837
0.865
0.893
0.921
2.511
2.852
2.789
3.330
3.370
3.856
3.688
3.888
3.761
3.761
4.230
4.209
4.294
4.275
4.391
4.340
4.340
4.187
4.187
4.711
4.625
4.571
4.825
4.784
5.070
5.047
5.036
5.002
4.933
4.906
5.120
5.120
5.041
4.452
4.557
4.613
4.669
4.648
4.703
4.725
4.754
4.789
4.870
4.883
4.935
5.019
5.006
5.011
5.014
5.002
5.021
5.006
4.993
4.972
4.977
4.982
4.977
4.979
4.980
4.987
4.989
5.002
5.002
5.007
5.006
5.005
5.006
5.007
5.007
5.007
5.006
5.009
5.010
5.011
5.007
5.007
5.007
5.007
5.006
5.006
5.007
5.007
5.005
5.005
