nan
nan
nan
nan
nan
nan
nan
nan
nan
0.048
0.024
0.032
0.004
0.051
0.056
0.057
0.059
0.060
0.062
0.063
0.064
0.066
0.054
0.062
0.062
0.069
0.066
0.067
0.056
0.052
0.047
0.047
0.059
0.055
0.054
0.050
0.050
0.053
0.053
0.056
0.056
0.048
0.048
0.053
0.049
0.050
0.052
0.049
0.048
0.049
0.049
0.048
0.046
0.046
0.044
0.038
0.036
0.034
0.033
0.031
0.031
0.030
0.030
0.028
0.023
0.027
0.020
0.021
0.020
0.019
0.018
0.018
0.016
0.016
0.014
0.015
0.014
0.013
0.012
0.011
0.010
0.010
0.009
0.005
0.005
0.004
0.003
0.003
0.003
0.003
0.003
0.003
0.003
0.003
0.003
0.003
0.003
0.003
0.002
0.002
0.002
0.002
0.002
0.002
0.003
0.003
