-144
-140
-136.3
-132.8
-129.9
-127.2
-124.3
-122.2
-119.8
-117.8
-115.6
-113.8
-112.1
-110.8
-108.7
-107.2
-105.6
-104.5
-102.6
-101.5
-100
-98.8
-97.5
-96.4
-95.1
-94
-92.6
-91.5
-90.4
-89.2
-87.9
-88.2
-86.1
-84.9
-83.8
-82.7
-81.7
-80.3
-80.2
-78.9
-78.9
-77.1
-75.7
-74.7
-73.7
-72.7
-71.6
-70.7
-69.6
-68.7
-67.5
-66.6
-65.6
-64.6
-63.8
-62.5
-61.5
-60.3
-59.3
-58.2
-57.3
-56
-54.8
-53.6
-52.4
-51.3
-50
-49
-46.7
-46.4
-45
-43.7
-42.2
-40.8
-39.2
-37.6
-36
-34.4
-32.6
-30.8
-28.7
-26.9
-24.6
-22.4
-19.7
-17
-14
-10.7
-7.2
-3.1
2
7.6
15.7
24.9
40.6
78.4
151.1
172.1
183.3
191.4
197.5
202.3
206.4
210
212.7
215.7
