0.9887,
0.9846,
0.9794,
0.9764,
0.9708,
0.9648,
0.9640,
0.9589,
0.9568,
0.7454,
0.9971,
0.9933,
1.0000,
0.9786,
0.9793,
0.6647,
0.6535,
0.6426,
0.6324,
0.6225,
0.6131,
0.6040,
0.9857,
0.9856,
0.9832,
0.9864,
0.9870,
0.9909,
0.9929,
0.9943,
0.9943,
0.9943,
0.9932,
0.9938,
0.9943,
0.9948,
0.9953,
0.9944,
0.9944,
0.9928,
0.9928,
0.9961,
0.9958,
0.9948,
0.9962,
0.9958,
0.9962,
0.9964,
0.9965,
0.9963,
0.9961,
0.9961,
0.9968,
0.9968,
0.9969,
0.9918,
0.9929,
0.9936,
0.9942,
0.9942,
0.9946,
0.9948,
0.9950,
0.9954,
0.9969,
0.9960,
0.9974,
0.9974,
0.9974,
0.9976,
0.9978,
0.9977,
0.9980,
0.9978,
0.9983,
0.9982,
0.9982,
0.9983,
0.9986,
0.9987,
0.9987,
0.9988,
0.9989,
0.9997,
0.9997,
0.9998,
0.9998,
0.9998,
0.9998,
0.9998,
0.9999,
0.9999,
0.9999,
0.9999,
0.9999,
0.9999,
0.9999,
0.9999,
0.9999,
0.9999,
0.9999,
0.9999,
0.9999,
0.9999,
0.9998,
0.9998,
