0.25 -144 nan nan
0.3 -140 nan nan
0.35 -136.3 nan nan
0.4 -132.8 nan nan
0.45 -129.9 nan nan
0.5 -127.2 nan nan
0.55 -124.3 nan nan
0.6 -122.2 nan nan
0.65 -119.8 nan nan
0.7 -117.8 0.578 0.048
0.75 -115.6 1.407 0.024
0.8 -113.8 1.452 0.032
0.85 -112.1 9.840 0.004
0.9 -110.8 1.561 0.051
0.95 -108.7 1.756 0.056
1 -107.2 0.752 0.057
1.05 -105.6 0.780 0.059
1.1 -104.5 0.808 0.060
1.15 -102.6 0.837 0.062
1.2 -101.5 0.865 0.063
1.25 -100 0.893 0.064
1.3 -98.8 0.921 0.066
1.35 -97.5 2.511 0.054
1.4 -96.4 2.852 0.062
1.45 -95.1 2.789 0.062
1.5 -94 3.330 0.069
1.55 -92.6 3.370 0.066
1.6 -91.5 3.856 0.067
1.65 -90.4 3.688 0.056
1.7 -89.2 3.888 0.052
1.75 -87.9 3.761 0.047
1.8 -88.2 3.761 0.047
1.85 -86.1 4.230 0.059
1.9 -84.9 4.209 0.055
1.95 -83.8 4.294 0.054
2 -82.7 4.275 0.050
2.05 -81.7 4.391 0.050
2.1 -80.3 4.340 0.053
2.15 -80.2 4.340 0.053
2.2 -78.9 4.187 0.056
2.25 -78.9 4.187 0.056
2.3 -77.1 4.711 0.048
2.35 -75.7 4.625 0.048
2.4 -74.7 4.571 0.053
2.45 -73.7 4.825 0.049
2.5 -72.7 4.784 0.050
2.55 -71.6 5.070 0.052
2.6 -70.7 5.047 0.049
2.65 -69.6 5.036 0.048
2.7 -68.7 5.002 0.049
2.75 -67.5 4.933 0.049
2.8 -66.6 4.906 0.048
2.85 -65.6 5.120 0.046
2.9 -64.6 5.120 0.046
2.95 -63.8 5.041 0.044
3 -62.5 4.452 0.038
3.05 -61.5 4.557 0.036
3.1 -60.3 4.613 0.034
3.15 -59.3 4.669 0.033
3.2 -58.2 4.648 0.031
3.25 -57.3 4.703 0.031
3.3 -56 4.725 0.030
3.35 -54.8 4.754 0.030
3.4 -53.6 4.789 0.028
3.45 -52.4 4.870 0.023
3.5 -51.3 4.883 0.027
3.55 -50 4.935 0.020
3.6 -49 5.019 0.021
3.65 -46.7 5.006 0.020
3.7 -46.4 5.011 0.019
3.75 -45 5.014 0.018
3.8 -43.7 5.002 0.018
3.85 -42.2 5.021 0.016
3.9 -40.8 5.006 0.016
3.95 -39.2 4.993 0.014
4 -37.6 4.972 0.015
4.05 -36 4.977 0.014
4.1 -34.4 4.982 0.013
4.15 -32.6 4.977 0.012
4.2 -30.8 4.979 0.011
4.25 -28.7 4.980 0.010
4.3 -26.9 4.987 0.010
4.35 -24.6 4.989 0.009
4.4 -22.4 5.002 0.005
4.45 -19.7 5.002 0.005
4.5 -17 5.007 0.004
4.55 -14 5.006 0.003
4.6 -10.7 5.005 0.003
4.65 -7.2 5.006 0.003
4.7 -3.1 5.007 0.003
4.75 2 5.007 0.003
4.8 7.6 5.007 0.003
4.85 15.7 5.006 0.003
4.9 24.9 5.009 0.003
4.95 40.6 5.010 0.003
5 78.4 5.011 0.003
5.05 151.1 5.007 0.003
5.1 172.1 5.007 0.003
5.15 183.3 5.007 0.002
5.2 191.4 5.007 0.002
5.25 197.5 5.006 0.002
5.3 202.3 5.006 0.002
5.35 206.4 5.007 0.002
5.4 210 5.007 0.002
5.45 212.7 5.005 0.003
5.5 215.7 5.005 0.003
